15
-1 25 67 53 76 49 43 63 25 55 88 73 100 33 13 
38 -1 75 39 -1 59 28 20 9 95 16 16 95 53 42 
91 41 -1 99 23 26 52 65 61 6 92 -1 36 15 -1 
63 29 86 -1 91 69 -1 5 27 39 50 -1 19 34 95 
23 -1 79 97 -1 56 100 3 28 56 21 16 -1 91 76 
55 37 74 20 -1 -1 -1 -1 12 10 10 29 45 20 -1 
60 51 -1 30 -1 73 -1 81 25 39 26 72 73 69 14 
54 73 53 98 -1 29 40 -1 94 97 35 61 22 -1 6 
-1 27 77 -1 53 71 86 76 -1 45 35 80 54 54 43 
88 -1 67 -1 4 -1 95 80 65 -1 35 43 47 5 40 
-1 -1 83 51 68 58 79 6 93 32 -1 57 -1 69 98 
58 34 11 -1 68 97 69 -1 49 15 4 -1 49 93 68 
51 64 94 61 77 19 41 30 53 90 89 59 -1 44 27 
80 80 68 71 -1 63 100 100 45 59 52 18 62 -1 13 
22 35 49 38 63 10 49 96 87 13 -1 90 59 -1 -1 
