16
-1 87 22 60 89 61 27 -1 -1 51 24 40 61 47 13 47 
9 -1 56 47 2 31 73 39 78 -1 13 47 17 72 66 12 
96 53 -1 80 38 75 -1 33 68 100 70 36 -1 6 52 70 
64 6 75 -1 22 69 29 49 39 72 21 79 56 63 37 60 
30 40 58 -1 -1 8 61 -1 3 49 57 62 -1 50 56 -1 
53 3 49 41 74 -1 50 44 21 55 8 2 58 43 90 31 
27 90 59 -1 62 14 -1 15 -1 63 41 90 9 46 61 -1 
72 16 89 48 77 81 28 -1 53 7 -1 86 -1 72 85 95 
9 80 96 6 12 83 -1 92 -1 78 6 94 40 49 43 100 
-1 92 48 21 88 89 -1 62 26 -1 26 17 19 -1 52 11 
-1 19 55 -1 16 85 98 -1 47 91 -1 21 59 68 64 86 
97 36 84 96 40 37 90 18 -1 29 38 -1 3 61 30 93 
34 51 47 -1 67 94 -1 58 61 2 46 88 -1 12 93 92 
93 92 78 68 99 73 42 45 30 85 6 12 56 -1 3 -1 
92 60 33 48 72 70 52 55 43 38 24 45 83 41 -1 39 
3 83 35 92 26 -1 97 85 8 -1 93 -1 64 -1 96 -1 
