17
-1 11 -1 90 64 14 65 57 85 1 58 87 44 49 80 12 83 
41 -1 4 96 95 -1 62 96 91 38 67 52 45 84 41 16 40 
69 21 -1 64 26 51 60 -1 56 3 62 1 33 50 92 39 1 
8 6 57 -1 11 -1 64 50 87 20 65 97 25 58 12 25 -1 
40 24 92 58 -1 77 38 -1 28 19 56 80 -1 85 15 85 51 
27 -1 38 89 10 -1 -1 20 -1 53 -1 -1 8 -1 5 37 50 
84 72 83 89 19 -1 -1 76 30 40 3 -1 80 74 22 98 7 
95 98 89 17 39 91 48 -1 74 -1 64 31 80 80 38 55 95 
-1 52 26 88 67 92 3 58 -1 -1 93 64 -1 67 13 41 15 
99 86 -1 65 24 68 16 2 70 -1 5 42 24 41 21 92 15 
65 71 47 24 90 -1 73 56 57 88 -1 65 11 14 18 10 60 
19 9 94 -1 82 14 -1 1 16 73 14 -1 36 53 80 40 30 
36 85 54 75 87 48 87 99 87 29 -1 76 -1 25 1 86 24 
26 86 45 42 28 80 74 19 19 22 27 66 81 -1 -1 13 100 
49 94 74 10 13 75 43 63 99 61 18 37 95 83 -1 -1 90 
-1 66 -1 70 57 17 75 2 -1 62 5 87 27 -1 26 -1 32 
62 47 18 70 36 93 65 95 46 93 92 98 -1 48 52 2 -1 
