18
-1 -1 92 44 7 94 -1 84 28 35 8 -1 48 53 84 -1 21 22 
43 -1 71 15 19 34 27 98 90 -1 22 40 -1 80 -1 38 32 4 
5 11 -1 -1 84 47 57 39 45 65 57 59 97 3 96 27 94 47 
31 76 88 -1 43 39 65 19 29 77 -1 83 81 19 79 4 11 80 
22 85 86 96 -1 -1 8 91 55 22 84 44 45 7 -1 85 55 88 
7 87 74 91 4 -1 3 57 85 56 90 78 -1 63 46 80 6 71 
22 92 82 73 49 41 -1 36 24 47 40 -1 51 4 2 -1 77 61 
36 93 20 67 46 91 55 -1 15 91 30 58 40 30 87 24 22 83 
54 43 66 90 75 14 57 69 -1 62 96 93 -1 87 -1 -1 68 75 
61 71 23 52 48 -1 22 30 49 -1 26 96 94 77 61 -1 72 -1 
46 -1 33 -1 -1 59 73 98 12 21 -1 47 -1 -1 -1 78 39 -1 
35 -1 -1 57 21 52 88 -1 95 64 46 -1 85 61 35 -1 30 28 
-1 60 -1 -1 40 48 64 63 34 37 93 48 -1 93 -1 52 88 2 
-1 3 17 17 32 1 4 74 77 79 -1 -1 25 -1 -1 10 84 8 
12 81 50 64 61 79 93 87 -1 81 -1 49 11 46 -1 -1 34 36 
-1 28 50 6 97 75 -1 98 90 74 92 -1 39 23 23 -1 57 73 
-1 45 6 78 -1 66 20 63 88 58 83 57 -1 35 13 68 -1 34 
-1 96 32 76 52 20 75 49 23 41 26 79 88 9 99 34 43 -1 
